-4.1704527086701693e-07,7.953241779131148e-08,-5.299967152019303e-08
-1.1587337641138674e-06,3.2655478337349776e-07,-1.926100896728178e-07
-2.445813911937461e-06,7.117116810000297e-07,-4.955754969169557e-07
-4.889293221407031e-06,1.3928875192472269e-06,-1.1694462115564242e-06
-8.44929155819754e-06,2.6459926796405568e-06,-2.367359875271136e-06
-1.582550464082807e-05,4.924711017281355e-06,-5.007334368653388e-06
-8.567896029017365e-05,8.089464999000219e-07,-4.466809744177483e-06
-0.00023614756452443837,-1.2540173388121422e-06,-1.5871652544514867e-05
-0.000483279434567753,8.769502500310253e-06,-6.642038318127654e-05
-0.0008291059804113478,3.5960513994680376e-05,-0.00017470933659036452
-0.0012708853828679145,7.688390399293742e-05,-0.0003328943963632037
-0.0018134330171485401,0.00010362665622153001,-0.0005585034638322406
-0.0023965943980043115,2.9233883863227883e-05,-0.0007924137696852849
-0.0029608266461875416,-0.00013667002070042686,-0.0010326864500820772
-0.0034604415880855736,-0.00035194137998170646,-0.0012661945435539822
-0.0038860872884336622,-0.0005645677391390391,-0.0014887554712960614
-0.0042507738776269436,-0.0007423303215545734,-0.0017014452091686973
-0.0045625891429525774,-0.0008847452936400713,-0.0019015569438637016
-0.004792806319468834,-0.0010263333578016758,-0.0021006085995705246
-0.004974054967090745,-0.0012508746170623434,-0.002298914896432857
-0.005170723105569994,-0.001576003178618687,-0.002516725963329931
-0.005433709081072939,-0.001975818231947894,-0.002769247101385951
-0.005792305860713803,-0.002403819715667537,-0.0030681774516674366
-0.006246395131193145,-0.0028019696481913423,-0.00341177479822855
-0.0067572987982873235,-0.003113749298729256,-0.003778180001298076
-0.007255001158461524,-0.0033272924575409955,-0.004138517161773665
-0.007685017660145969,-0.0034758637137522913,-0.004480831834312574
-0.008022430619480915,-0.0036157657332469718,-0.004803881862454088
-0.008278791962215612,-0.0038074862594704426,-0.005116936631872575
-0.008502580376769472,-0.00409126261713867,-0.005436980363335469
-0.008760658449900607,-0.004464151808350233,-0.005780435965054501
-0.009101665872474797,-0.004879571004753269,-0.006156312823135889
-0.009535669830998949,-0.005271453936989621,-0.006561671002902367
-0.010030717811545504,-0.005581856549331104,-0.006980223173386061
-0.010531207943049592,-0.005786261596299592,-0.007394593019028309
-0.010973304120099297,-0.005901923013884174,-0.007785135519745929
-0.011318124078870364,-0.005984503742127621,-0.00814321915691708
-0.01156929111114871,-0.006100643331389981,-0.008474817851775047
-0.011768267484281739,-0.006294773155752668,-0.008795409414078557
-0.011976294015334975,-0.006577283578683114,-0.009125175698723393
-0.01224703316159475,-0.006912868521896278,-0.009473505205411358
-0.012604781582759652,-0.007241045526925076,-0.009844561113924935
-0.013029827215207646,-0.007496031205968016,-0.010222437959170393
-0.013470426084062357,-0.007642272113571745,-0.010589493769383488
-0.013864171373222404,-0.0076836336097429745,-0.01092748491169562
-0.014163285476566964,-0.0076622210412028114,-0.011224432649181982
-0.014354326894303413,-0.007644196624904257,-0.01148076344493346
-0.014468212484559725,-0.007687540325987177,-0.011709367764482382
-0.014564010303678982,-0.007814780937381494,-0.011929191652239855
-0.014701692508494986,-0.00800411466823349,-0.012155880577952737
-0.014916610584348147,-0.008198612770178063,-0.012394349418608506
-0.015202546431389408,-0.008332162960112115,-0.01263578984335775
-0.015514147539581049,-0.008356364171295146,-0.012860685800435093
-0.01578502093820376,-0.0082645803096424,-0.013047593707381434
-0.015963078324273,-0.00809147210343004,-0.013183535505457165
-0.016025034055605063,-0.00789897041023715,-0.013266573218112232
-0.015990792848361607,-0.007747206800637612,-0.01330669215132878
-0.015912635500856222,-0.0076698871649640964,-0.013320617245040509
-0.015852261935182282,-0.007659602867479284,-0.013327065271894563
-0.015854270574947132,-0.007667163379833208,-0.013331079328329734
-0.01589185382192641,-0.007611000858793994,-0.01334688735802953
-0.015929764533409867,-0.007432696789379068,-0.013355210371574102
-0.015910338427673306,-0.007111594115594876,-0.013338096179987264
-0.015770801863517318,-0.006669259703849019,-0.013277732546157715
-0.01547662251738757,-0.006160698240590711,-0.013167006074657038
-0.01503295525363258,-0.005649733039434037,-0.013012645152411196
-0.01448317162035348,-0.005183752188706341,-0.012830766238241847
-0.013888260165242671,-0.004766902707231509,-0.012637398868422788
-0.01330368731595604,-0.00436609370066115,-0.012449286080623893
-0.012751791165207482,-0.003917617992702849,-0.012266618892412824
-0.012752259300148946,-0.003917640796547105,-0.012266696293391222
-0.012753189531575051,-0.003917721160788913,-0.012266923086034862
-0.012754292087904405,-0.003917951559581287,-0.012267367540840379
-0.012757536126043894,-0.003918343497100555,-0.01226842369625993
-0.012763709947350632,-0.003918768354965995,-0.012270691178265479
-0.012800531447407728,-0.003898530216221999,-0.012257132995501617
-0.012871760073952337,-0.0038587097351006363,-0.012227951603111456
-0.013002140074889413,-0.003803202041287506,-0.012207131692654987
-0.0132069542742475,-0.003733060509931804,-0.012222997088457263
-0.013488333738576356,-0.0036482428475292624,-0.012290402339892148
-0.01384338764513477,-0.003556943113495365,-0.012402104032733128
-0.014238870305713108,-0.0035292257352546657,-0.012558533160520113
-0.014597648491571958,-0.0035753285430565173,-0.012717915165006128
-0.014873894801974067,-0.0036562536535954364,-0.012870514557564829
-0.015053873120977269,-0.0037167039705022346,-0.013009945690917612
-0.015151994699374935,-0.0037089241388944603,-0.01314252793041484
-0.015207906870953735,-0.0035947121060292,-0.013281091910719234
-0.01529451954871729,-0.0033737953030705107,-0.01343641371513055
-0.015464022529601211,-0.00309364465453361,-0.013623430204323012
-0.015726414197012827,-0.0028179146230075947,-0.013853945377936085
-0.016052722952637252,-0.0026048495065373618,-0.014124893976867087
-0.016385803732132647,-0.0024836328341748043,-0.014421761015914414
-0.01666714143735922,-0.002441677764570039,-0.01472504194013071
-0.01685753641072555,-0.002426790525501477,-0.015015929188757169
-0.01696130645083726,-0.002373825055456591,-0.015289129222576801
-0.01701996194532066,-0.00223473505051351,-0.01555204067516822
-0.01709494697564051,-0.0019951499063558197,-0.01582312749485057
-0.017242159702152753,-0.0016864682687117772,-0.016118336879761427
-0.017488557620254724,-0.0013679721971563974,-0.016450194021141288
-0.017819954277639785,-0.0011045212895843385,-0.016819230350650544
-0.018189282690734276,-0.000938312010148486,-0.017215522512709903
-0.018540939345113156,-0.0008701047627154759,-0.017616077127400046
-0.018885514286377632,-0.0008965233778735209,-0.018022571089948185
-0.019195315462620717,-0.0009917215491925535,-0.018410298408360292
-0.019492866246645615,-0.0011344216779060018,-0.01875815074746036
-0.019718084198974813,-0.001283209596087265,-0.019071491961902765
-0.0198728132245646,-0.001405959078184174,-0.019363854553225812
-0.019989880847721055,-0.001502729829215935,-0.019614638732223084
-0.020063817613418716,-0.0016098502093481347,-0.019826140793821764
-0.020101666917610325,-0.001736839287496838,-0.019966499305130718
-0.020126768488574778,-0.0018226316695777712,-0.02007203050572794
-0.02013411567438101,-0.0018834184840638714,-0.0201347995298678
-0.0201297443631126,-0.0019267187782046587,-0.02016096527484197
-0.02012597212952029,-0.001919300540984215,-0.02015850692877412
-0.020148291144391435,-0.0018142408779509875,-0.020154637318315433
-0.02024316449895435,-0.0016391659528707495,-0.020168727919163108
-0.020436816621553156,-0.0014529914384132717,-0.020217964111170578
-0.020707984576964655,-0.0013104688819624167,-0.020286174024857384
-0.02102444137765555,-0.0012423667004459382,-0.020373463328928053
-0.021343924707598633,-0.0012612609850551249,-0.02047097375631611
-0.021649223439324822,-0.0013614531880830512,-0.020567969711447084
-0.021898066173603847,-0.0015274366418529602,-0.020660847896946312
-0.022070500251669317,-0.0017308445252629456,-0.02074148708109865
-0.022159501328372883,-0.001930475170435317,-0.020802464639229065
-0.02218173922393052,-0.002084842090575821,-0.02083688993927348
-0.022170675020328497,-0.002163570963301157,-0.020849264943227443
-0.02217156907702081,-0.0021545654598046325,-0.02085248230250497
-0.02223607091758281,-0.002130208067246569,-0.02087838533328007
-0.022395631674418676,-0.0021208416973939165,-0.020938605037668347
-0.02266421366562408,-0.002163995573527429,-0.02103751659362854
-0.02303844120705709,-0.002305153935145683,-0.021182543960892343
-0.023493619284021286,-0.002590127719737947,-0.02137759681335516
-0.023981529399050672,-0.0030396125463185357,-0.021595557714371764
-0.02445653943786682,-0.0036480791200128636,-0.021825239546101157
-0.024884114327681443,-0.0043879097360744,-0.022054403387860716
-0.025248602719085196,-0.005220359578268256,-0.02227550367494305
-0.02555334291608423,-0.00610501670312428,-0.022486006908347636
-0.025819375088639886,-0.007005930243119884,-0.02268824978087999
-0.026078988276397177,-0.007900295285946815,-0.02288662321462969
-0.026377041546197195,-0.008780411487433342,-0.023095654160086652
-0.026375820207107527,-0.00878040042603482,-0.023095532079427668
-0.026373751944400645,-0.008780447766395768,-0.023095195082880285
-0.026370798244147255,-0.008780515610314794,-0.02309450669575329
-0.026365348666095967,-0.008780633254709585,-0.02309296869959614
-0.026356094153409542,-0.008780852066879043,-0.023091279265189276
-0.0263075377308706,-0.008780575506825693,-0.023084356181666116
-0.026196243270995165,-0.008779125388359423,-0.023075207939098032
-0.02599542682091753,-0.008775235725896188,-0.023075242014677255
-0.02569015506831678,-0.008767574144932757,-0.02309499468286475
-0.025278638519113154,-0.008755518658432705,-0.023139008235375808
-0.024764398362028667,-0.008739512491162425,-0.023201169821488874
-0.02414753310120228,-0.008723092690562423,-0.023279802028799222
-0.023422451083552433,-0.0087219755668921,-0.023380615722092716
-0.022631939039572876,-0.008795185071566803,-0.0235090447792056
-0.02183420160512442,-0.008948029788742493,-0.02367323910128716
-0.021068770792166618,-0.009158000331303364,-0.023884840307317565
-0.02035879962733859,-0.009388066422760761,-0.02414947451243786
-0.019708516973179085,-0.009602892365136012,-0.024464950245385076
-0.019107849059802038,-0.00976628008263203,-0.02483028283462644
-0.018541400038002552,-0.009855603585418303,-0.025238098082295934
-0.017983914781176884,-0.00985135028415189,-0.025685064154732432
-0.017403198044764735,-0.00974081424476756,-0.026164880222965755
-0.016750456033718962,-0.009531813785139877,-0.02665896748556667
-0.01598740272174679,-0.009264456951363237,-0.02715106550282099
-0.015102505320909941,-0.008987013863513822,-0.027640445645995923
-0.014106764744604473,-0.008742233970243872,-0.02813383003594332
-0.013026661497079936,-0.008559629454854816,-0.028641688465200696
-0.011897431626549585,-0.00845260228894565,-0.029175679486083562
-0.010757639604992418,-0.008416855981386973,-0.02974669275936704
-0.009643254133148964,-0.008428325695401306,-0.030362173484023702
-0.008576730377581443,-0.008444586270196484,-0.031022892838494374
-0.0075578072315927135,-0.008422129388921059,-0.031720302587622914
-0.006567048371695174,-0.008322405379858995,-0.03244627214719856
-0.005567839715396528,-0.008118077003401331,-0.03319113181191826
-0.004522285119470788,-0.0078031072339847605,-0.033940599660122105
-0.0033876518344229736,-0.00738945005749362,-0.03468673242424827
-0.002132369661419567,-0.00690692573193616,-0.03542180439027834
-0.0007351615125116805,-0.0064061124696474705,-0.03614732848139784
0.000783600172990926,-0.005929299284983426,-0.036857064193824216
0.0023943897066270245,-0.005512396320653092,-0.037567027087069146
0.00405993259884312,-0.005165184430346286,-0.038284764687884616
0.005739331530939612,-0.004879721933219347,-0.03902519582166093
0.007400925691340592,-0.004629849315197508,-0.03979460582902647
0.009027644286103899,-0.004380332519317763,-0.040591821157742444
0.01061921696848498,-0.004085432313853325,-0.04141692053854591
0.012196120802583324,-0.003703645818738551,-0.042258670441004675
0.013797318265981684,-0.0032088465695065274,-0.04310227710966076
0.015469110150113617,-0.002598218548247321,-0.04393323134802825
0.017252699817514996,-0.0018914843047551826,-0.044740833277901154
0.01917513079166458,-0.0011244788361362782,-0.04551989281286655
0.021244329684754995,-0.0003403221420571166,-0.04627108654509189
0.023447895663466584,0.00041959920529177804,-0.04700030912049154
0.025755140592401582,0.0011250253536960759,-0.04771726855268754
0.028123793243374683,0.001765135700622365,-0.04843314702058599
0.03051117993987778,0.0023522789472519325,-0.04915753746023752
0.03288520743914708,0.0029189462659171567,-0.04989583083738374
0.03523269671710558,0.003509270288690254,-0.05064756840674182
0.037560416039788914,0.004163643706837288,-0.0514043729436348
0.03989498301083682,0.004919521657588749,-0.0521596362396187
0.04227528956379074,0.005796731078633696,-0.052899956396896985
0.04474578764318402,0.006794145699335192,-0.053612327984054964
0.04735470630312336,0.007887755648582205,-0.05428926663803228
0.0501180190164413,0.009026092507352968,-0.05491775489783644
0.05303385645468434,0.010168432320243705,-0.055500974283854566
0.05608333297783818,0.01127930573506597,-0.056047829902972454
0.05923322813726504,0.012335653425132456,-0.05657248981714141
0.06244474486862809,0.013334122432219452,-0.057085454059533185
0.06567945553720755,0.014290609936516409,-0.057595797817370335
0.06890661381481908,0.015239849502978204,-0.05810914520047712
0.07211602059849423,0.016228998788873586,-0.05862344501459697
0.07211729948251829,0.01622897617004454,-0.05862281179237409
0.07211937615506439,0.01622896486135754,-0.058622469594207
0.07212286724054053,0.016228945549385542,-0.058621797214903085
0.07212879629043792,0.016228886121827678,-0.058620661790790465
0.07211797493167296,0.016247152167393246,-0.05859670424531151
0.07210698387911428,0.01628294837280346,-0.058549170129005235
0.07211996399205689,0.016335978432338336,-0.05848192431349114
0.07219040571680256,0.01640688233572472,-0.05841110845278681
0.07232451929066651,0.01649558536762011,-0.05834547782361361
0.07252124092912561,0.016600719350541852,-0.058283243719068366
0.07277933532185592,0.016715732493379654,-0.05822200023906692
0.07310257863529039,0.016816664717127568,-0.05816890848729918
0.07342330658669148,0.016835024092009085,-0.05813491931505124
0.07367446569700208,0.016789106865329254,-0.05813372599573816
0.07383368200220981,0.016715971620673873,-0.05816636145616802
0.07389055172613812,0.016649049850684952,-0.05823476408732729
0.07385012442709483,0.01662667156250144,-0.05833982920830181
0.07372826178928281,0.01667549066111741,-0.058475635307855066
0.07354626287130701,0.016813952690079584,-0.0586368919001094
0.07333254134409645,0.017055806667780542,-0.05881911939551045
0.07313118625147594,0.017401707507686985,-0.059008770856878716
0.07298786262648933,0.0178184748272536,-0.059185009668010796
0.07292226006583852,0.018257407191556684,-0.059343365784344
0.07292998377059311,0.01867178805218702,-0.05948880498048185
0.07298866035254623,0.019026033080882132,-0.059631123348982414
0.07306524819186916,0.019300319497631602,-0.05978195499022979
0.07313677740735675,0.019493593053750157,-0.059943260473016215
0.07316683493826752,0.019611294603410354,-0.06012823588592028
0.07312427803625757,0.01967819579587289,-0.060347008566420036
0.07298982540532437,0.019736248859553312,-0.06059838759084955
0.07276848083260992,0.01983457875525447,-0.06087336545421649
0.07248937100953172,0.020010923804165495,-0.06115885705469573
0.07219483460525282,0.020282211460184687,-0.06144128541671348
0.07193694230251302,0.020645715315709544,-0.06171206530791185
0.07175021723904029,0.021065192749637564,-0.06195543727529992
0.07165407843352119,0.021497531652876444,-0.062171036103448034
0.07164475236611961,0.021896537719217297,-0.062363113066097715
0.07169878777621341,0.022225272811640273,-0.06254060595585556
0.07177924842388345,0.022463113637073907,-0.06271480693563293
0.07184793550929128,0.022609739980590942,-0.06289252432004626
0.07186941517968212,0.02268190582850462,-0.0630823889526236
0.07181182075737365,0.022718537731127877,-0.06330120560510666
0.07167355940090533,0.022765394906298773,-0.06352705004068904
0.07147116385194328,0.022862445696956266,-0.06375523510968745
0.07124062863539088,0.02303916245929105,-0.06397670550793305
0.0710248466483194,0.023302748073113028,-0.0641783241739714
0.07086518403703493,0.0236399227073004,-0.06434982746896524
0.07079364605508201,0.02401971455103762,-0.0644844567278891
0.07082380157809776,0.02440345786381775,-0.06457799773730859
0.07095273245742853,0.024744279107523224,-0.06463665517530903
0.0711553784754944,0.025004481770305946,-0.06466778760132674
0.07139181422107031,0.025163723316657696,-0.06468243982065502
0.07161803876525223,0.025224812749911837,-0.06469143895638126
0.07179749114373271,0.025212008344528962,-0.06470233349349833
0.07190935104531507,0.02516448869797601,-0.06471739923425765
0.0719526722194848,0.025121945947765227,-0.06473049611936471
0.07194651886262494,0.02512514336953523,-0.0647369558821348
0.0718988179197411,0.025217215953237837,-0.06475342491233868
0.07185362956205912,0.025404451291908804,-0.06476636257041488
0.07185388711476094,0.02567057197421199,-0.0647638707982494
0.07193055405954829,0.025980198021545872,-0.06473873293187586
0.0720950848411832,0.02628770817457808,-0.06469010347884005
0.07233718509778897,0.026548487013447596,-0.06462334017245173
0.07262483619832685,0.026720405465549858,-0.06455616315996664
0.07290696404018894,0.026799117606624418,-0.06449054265143364
0.07314184438874062,0.026798474431037327,-0.0644391075642817
0.07330020796249796,0.026752561038910973,-0.06440726737353364
0.07337266639259593,0.026704000330754568,-0.06439453609627585
0.07336860374541189,0.02669564319704284,-0.06439654575778596
0.07337266639259593,0.026704000330754568,-0.06439453609627585
0.07337390270812734,0.026703935270947023,-0.06439391782732724
0.07337595546070942,0.026703853434282533,-0.06439358770585138
0.07337930680203797,0.026703682312022095,-0.06439295921322322
0.07338495146281046,0.026703414911639092,-0.06439188973193927
0.07339450361848746,0.026702934106540965,-0.06439033457906204
0.07344236448024065,0.0266987356322364,-0.06438420513508795
0.07355114967159868,0.026689032041815924,-0.06437714874076933
0.07374446670029111,0.026672828617196342,-0.06437813674323657
0.07403991781127099,0.026649644493276867,-0.06440427640501672
0.07443773465796075,0.026618112265918925,-0.0644565006126963
0.0749318940598636,0.02657312223798507,-0.06452919086226357
0.07552852048973378,0.026499662462804115,-0.06463102281882176
0.07615349456929436,0.026340643770435237,-0.06474443505890326
0.0767651146996322,0.026097114743583113,-0.06489006331765337
0.07732642238570389,0.02579490502142638,-0.06507895246410457
0.0778218343268301,0.025468861517996724,-0.0653138998614886
0.07825385979642517,0.025160872807784753,-0.06559792720509985
0.0786398980537651,0.024897423811259242,-0.06592502522881342
0.07899340387437702,0.024684614034616668,-0.06628906985575775
0.07930517897848041,0.024512430563786238,-0.0666956122839916
0.07955079308580257,0.024349085047503872,-0.06716297482363344
0.07973006358801121,0.02413387935868501,-0.06768840502506097
0.0798750745140758,0.023823973994291425,-0.06826370906767505
0.08002390559534166,0.02340296957238408,-0.06887826958373594
0.08022789416619784,0.02287139073889468,-0.06952647495468536
0.0805121683928891,0.022251176027372553,-0.07019281148783114
0.08090024140090354,0.02157571888078881,-0.07087310947595565
0.08139659530526679,0.02088455209283316,-0.07156271638592647
0.08198424986716119,0.02021917268261407,-0.07226027101725963
0.08262458701382565,0.019609107244751248,-0.07297003048136068
0.08327032810317855,0.019059617118289178,-0.07370230660922225
0.08387991802425092,0.018551872536688302,-0.07446956585730312
0.08442676502925466,0.018049877062545155,-0.07528246608583078
0.08490042796907575,0.017503516896436956,-0.07615726388895096
0.08531350799558193,0.016888372291481032,-0.07707711875044058
0.08569798793796139,0.01615734575771631,-0.07804414388062098
0.08609580925429594,0.015294534733777754,-0.0790473430914177
0.08655037568820685,0.014305686640140626,-0.08007345211573524
0.08709608523266246,0.013216742774589275,-0.08110965302908452
0.08775026064203763,0.012067346042360741,-0.08214635274223651
0.08850955709569419,0.01089630460101454,-0.08317745819566835
0.08935482963469499,0.009738915509269395,-0.08420479225701163
0.09025070212898241,0.00862089556253975,-0.08523752284657789
0.09115416715276942,0.007546472264748777,-0.0862853529098864
0.09201569224950733,0.006498274585079303,-0.0873706478347071
0.09281058834745662,0.005424365990310879,-0.08848939919058667
0.09353821462860877,0.004282692442968281,-0.0896457016432147
0.09421853167262428,0.0030293167740358673,-0.09084271722498924
0.09488563474708266,0.00163662582602319,-0.09207331240629422
0.09558639873285127,9.17242769340465e-05,-0.09333280721238049
0.09636371493013499,-0.0015846099527523569,-0.09459579887444171
0.09724567329696401,-0.0033555731813728062,-0.0958513533790545
0.09823644001507285,-0.005180934445037311,-0.09709155973447575
0.09932243790651989,-0.007018210277064826,-0.09831913166553749
0.1004735118136581,-0.008839113450817379,-0.09953910363455797
0.10164952559294933,-0.01063192880597525,-0.1007611964441961
0.10280783939506168,-0.012406022558130989,-0.10199717711771214
0.10391411366183001,-0.014192263218521031,-0.10325795879983152
0.1049484316928493,-0.016042213305978922,-0.10456096078664168
0.10592854159212997,-0.018009747681752335,-0.10589091884783286
0.1068877972212593,-0.02012834328907416,-0.10724510406425986
0.1078763609195257,-0.02241584506499964,-0.10861824595648074
0.10893079099483882,-0.02485668730354762,-0.10998677147682612
0.11008520517917057,-0.027420977897494696,-0.11134377010707672
0.11135068611737431,-0.030072850920861732,-0.11267995378457893
0.11272241854323903,-0.032769235164198975,-0.1139953959432385
0.11417589726103744,-0.035475514860742234,-0.11529209912070362
0.11567119416501317,-0.038171613766290066,-0.11657748875081063
0.11716716805195455,-0.040857944462908774,-0.11785969864722748
0.11862379059806347,-0.04355561755536076,-0.11915537169416154
0.11862502326824965,-0.04355567062125821,-0.11915475336257633
0.11862697127637391,-0.043555578089871184,-0.11915443471610625
0.11863023568606926,-0.043555392214414686,-0.11915379529720325
0.1186357335986858,-0.04355501208109207,-0.11915269746538487
0.11864474510883048,-0.04355434924014149,-0.11915061634895083
0.1187015961469982,-0.04355242107555892,-0.11911701410884118
0.11882719076053878,-0.043548112312441926,-0.11905455314745023
0.1190466976409711,-0.04353966958772779,-0.11897452592744621
0.11937461574803664,-0.04352586019847933,-0.11888873019020707
0.11981184659695251,-0.04350736120580246,-0.11880356101896154
0.12035107536168348,-0.04348529418390085,-0.1187111899153097
0.1209929902406277,-0.04345283393190932,-0.11861363821116563
0.1217059194104217,-0.04335411661449197,-0.11850831554419111
0.12242710831063164,-0.043174368675894706,-0.11840037632696186
0.12311273782113692,-0.0429312208751322,-0.11830650307050966
0.1237354028125625,-0.042659693894614964,-0.118240149440807
0.12428749378630878,-0.04240009459329168,-0.11820962299288863
0.12477707964996453,-0.04218722703961628,-0.11821761634681782
0.12522024445649038,-0.0420462357303939,-0.11826326846295675
0.12561728804716818,-0.04197627936668164,-0.1183482099165774
0.12595360061163452,-0.041927493052376974,-0.11842988123240561
0.1262773184106319,-0.041769823313466944,-0.11851322370019239
0.12660305397098898,-0.04159618470942999,-0.11861539829088526
0.12696324564909,-0.041317537274699986,-0.1186971350570233
0.12733413568028498,-0.0410160718140888,-0.11877405774597385
0.12769724882017588,-0.040634687771907804,-0.11884589156724859
0.12800962744737754,-0.04022321270495269,-0.11892220737984803
0.12825442487440541,-0.0397952074030826,-0.11900554862284322
0.12843251545819784,-0.03937408007928676,-0.1190998404496954
0.12853359358149152,-0.03899558826536013,-0.11921101285129367
0.12857651199522024,-0.038701035966178375,-0.11934951896092978
0.12859696600899165,-0.038518547082742306,-0.11950873835262507
0.12859404264945182,-0.03843609039691909,-0.11967939212855382
0.1285528096572665,-0.03844646271445353,-0.11986038482380687
0.12844547449870106,-0.038529763736162244,-0.12005736676374922
0.12824823285870773,-0.038627890603954086,-0.12027064118710287
0.12798049021575636,-0.038721701048461316,-0.12048450243586235
0.12767725172626063,-0.038763265695357124,-0.12069224183807456
0.1273262505613168,-0.03876245076565449,-0.12089034125935494
0.12693083132770888,-0.038742383797337285,-0.12111053955801462
0.1264825425414044,-0.038676898431991645,-0.12132536148748294
0.1260017967085254,-0.03858041822449224,-0.12153522526487083
0.1254899264273647,-0.038446474617587614,-0.1217418097707347
0.12502414873420828,-0.038277079137543774,-0.12192388698154809
0.1246263580034535,-0.038106463650111756,-0.12208465482465383
0.1242979635212165,-0.03795032047700502,-0.12222720835206538
0.12403864673910824,-0.037807932880688726,-0.12234768864875682
0.12385379756323,-0.037724168113791576,-0.12245377096412614
0.12373495862824457,-0.03768364721732103,-0.12254392830866788
0.12367688169129715,-0.03768783151468003,-0.12260734156253043
0.12366914251834271,-0.037702702795822385,-0.12263963723039444
0.12367673635852798,-0.03770067896973015,-0.12263694832821972
0.12367775002420915,-0.03769636176491542,-0.12263423500347066
0.12364371408372257,-0.037671689402975356,-0.12262522816638619
0.12353188722014792,-0.037633977116255,-0.12262719931335876
0.12330250106724688,-0.03761662981220821,-0.12266109647180867
0.12295902923505715,-0.037648293079978336,-0.12272697569338782
0.12250251964294159,-0.03776134149620416,-0.12283313789142428
0.12195526285451541,-0.03800080603975721,-0.12298712807622862
0.1213419687720291,-0.03837271815350772,-0.12317156497340254
0.12064682601242464,-0.038862249141896156,-0.12338457295495776
0.11984588211541909,-0.039450717140910314,-0.123630228540817
0.11891360647866138,-0.04007795060781044,-0.1239147810707104
0.11785770935416882,-0.040765431021,-0.12422834719173609
0.1166890039335122,-0.04149459457144132,-0.12456533941657814
0.1154272981423155,-0.04221929696781191,-0.12491204598608051
0.11407751930944239,-0.04294857867920976,-0.12526751042122958
0.11269783540245606,-0.043648973644495916,-0.12562586414924373
0.11131111464592557,-0.04434302994497586,-0.1259788566976681
0.10996757232577783,-0.045056733828271786,-0.1263352909543625
0.10997333709311362,-0.04506394631497796,-0.1263354926154376
0.10995093879047306,-0.045084917981723295,-0.1263080371334446
0.10992082071584669,-0.045141528061049714,-0.1262669378146152
0.10989293134889752,-0.04524107736413098,-0.12622623357534912
0.10988096516801758,-0.045391814346726934,-0.12620513450265874
0.1098964845540006,-0.045596625692472595,-0.1262235955245274
0.1099285479524333,-0.04585127267420842,-0.12626582019774654
0.10997354767208652,-0.04615753886964961,-0.12633046283887564
0.11002004723957405,-0.046513965854918064,-0.12640320847440087
0.11006007044618121,-0.04691595716540411,-0.12647989077493968
0.11011323683463527,-0.04733176957879688,-0.12656351080936895
0.11018752496660429,-0.04773576988986772,-0.12662743826304448
0.11026061519609888,-0.04804666531141961,-0.12666843031328706
0.1102701745050856,-0.04825534038959556,-0.12671002059172254
0.11037418973356347,-0.04844630893252756,-0.12685402939091842
0.11046921977255261,-0.048527967163531006,-0.1269787092432369
0.11058507725008594,-0.04856165368946827,-0.12708035206282844
0.11069042842102604,-0.04856100909766434,-0.12714013164621848
0.11075656949817209,-0.048569473856523784,-0.12716810999403147
0.11075790347363967,-0.048576824162739285,-0.1271687611343339
0.11075483130879388,-0.04858050392588357,-0.12717002511044803
0.11075071035997695,-0.04858115583020149,-0.12717125838896787
0.110748037864422,-0.048578577122271864,-0.12717171982244385
0.11074713383130776,-0.048575922590402214,-0.1271720953942178
0.11074790231779927,-0.04857363836343086,-0.12717149302145742
0.11074951386379835,-0.04857280861832816,-0.1271707518502898
0.1107510257225845,-0.04857315423470005,-0.12717063487990884
0.1107514303591717,-0.048574194191736586,-0.12717039036829983
0.11075082897724509,-0.048575186897997634,-0.12717043626478844
0.11074970211473113,-0.0485754480733358,-0.1271705690775468
0.11074860214326525,-0.04857489383258258,-0.12717062127407747
0.1107480867278512,-0.048574092723867375,-0.12717097757620877
0.11074791027542634,-0.04857307045787729,-0.12717071286323262
0.11074816033344627,-0.04857243726118268,-0.12717035300396473
0.11074845456757376,-0.048572238847491296,-0.12717001615324566
0.11074856023096787,-0.048572334881823775,-0.12716975971718641
0.11074829776559927,-0.0485725001100956,-0.12716961760374482
0.11074810348534604,-0.04857259593411575,-0.1271699525282592
0.1107474728150638,-0.048572581195482814,-0.12717045599967286
0.1107473266703959,-0.04857227969191455,-0.12717074090451297
0.11074703575056077,-0.048571876772307856,-0.12717055696221222
0.11074672199930369,-0.048571315182856414,-0.1271703670166333
0.11074656700036016,-0.04857074967829774,-0.127170129744271
0.11074664969929875,-0.04857035157285039,-0.12717033905555222
0.11074662578815403,-0.048570015618131526,-0.1271700820455303
0.11074656934796034,-0.048569844020067816,-0.1271698485762858
0.11074662437804968,-0.04856982037357283,-0.12717009866210202
0.11074657494837954,-0.048569815189362986,-0.12717038116223117
0.11074625868890473,-0.04856965844088072,-0.12717022570740644
0.11074592636052656,-0.04856933007846434,-0.12717006031155118
0.11074570282202749,-0.0485689927714551,-0.1271698618214228
0.11074553757939466,-0.048568697722455687,-0.12716964967118272
0.11074540851899861,-0.04856849644220203,-0.1271694349039155
0.11074522822568926,-0.048568343797125456,-0.12716923946633868
0.11074502248268414,-0.048568168324125714,-0.12716904954978134
0.11074479251944168,-0.04856798018300876,-0.12716886569840677
0.1107445534585869,-0.048567744607334505,-0.12716868044086194
0.11074445634655578,-0.04856754087191619,-0.1271689592420375
0.11074421026428115,-0.048567285774356796,-0.12716877439223462
0.11074419196696517,-0.04856713919854082,-0.1271690349453118
0.11074390166273398,-0.04856689959595887,-0.12716886456341805
0.11074379230967223,-0.04856671904475777,-0.12716914902933835
0.11074350867563904,-0.04856646116127216,-0.1271689750956768
0.11074343442752198,-0.04856622273466104,-0.12716924410427471
0.11074332002977239,-0.04856595145218558,-0.1271695221686135
0.11074305185825178,-0.048565596516560776,-0.12716933544081116
0.1107430013052018,-0.04856534775284875,-0.12716959655150373
0.1107427724009809,-0.04856503385073005,-0.1271694016167752
0.11074260446500667,-0.048564748174091614,-0.12716919105469063
0.11074248122304375,-0.048564525343012976,-0.12716897271533087
0.11074430615200785,-0.04856530455082975,-0.12716885742332093
0.11074753717139611,-0.04856666811524331,-0.1271679712313993
0.11075312740956425,-0.04856905574524991,-0.1271667467514751
0.1107839876138127,-0.048581333315458775,-0.12716058554514847
0.11085174348365018,-0.04860778806924331,-0.12715079405412164
0.11097560272946656,-0.048654798104284636,-0.12713999722905037
0.1111783950535806,-0.048728678347602035,-0.12713774729579183
0.11147792189088279,-0.048833269705665955,-0.12715773277442127
0.11188499894657447,-0.04896984384555231,-0.12720993985176884
0.11239198120513198,-0.04913658418506588,-0.12728439657983814
0.11299938235646247,-0.04933170727618685,-0.12737845781783141
0.11371454786650681,-0.04954741711707311,-0.12749361454534952
0.11452843037905379,-0.04970787902765034,-0.12761473660815031
0.11539875938577235,-0.04979252385739199,-0.12774074648835984
0.11627664866461497,-0.04978584583675044,-0.12788823265040777
0.11712150047658863,-0.049710071760306104,-0.12807187737952333
0.11791189472007704,-0.049600726007028445,-0.12830370110240452
0.118644898679469,-0.04949667157721785,-0.12859108251581933
0.11933247363583538,-0.049433706797343754,-0.12893816333450342
0.12000088888647738,-0.0494433408603463,-0.12934600425427584
0.12068500857518999,-0.04953823862133345,-0.12979801936937652
0.1214395764049247,-0.049722456258418084,-0.13028271544412323
0.12229085665278956,-0.04996783813129692,-0.13077952175814345
0.12327024305085667,-0.05023331883207308,-0.1312807714635536
0.12436986482627155,-0.05048367013302644,-0.13177838530283137
0.12557936809744258,-0.050673269707965526,-0.13227575011916154
0.12686064539677885,-0.050773623717148386,-0.13277828139770734
0.1281641621215744,-0.050779027355044054,-0.13329693355703065
0.12945900799310786,-0.050710542176872625,-0.13383653014177274
0.1307114846259983,-0.050601674793005605,-0.1344145621775669
0.1319171446211363,-0.050503615019816005,-0.13503647613494757
0.13309729717994823,-0.05046310163748354,-0.1357014948486301
0.1342825347742372,-0.050498204348733734,-0.13639856915739024
0.13552028403970523,-0.05062778013336571,-0.13712318918080038
0.13685618870853414,-0.05083781571588823,-0.13786003817941342
0.13831023781210175,-0.05110025388008038,-0.13859393593236613
0.13990777587769065,-0.05137246909348739,-0.1393187052654797
0.14163852088761883,-0.05160361123836688,-0.140027452110468
0.14347448150050318,-0.05176879092455963,-0.1407188737113455
0.14537763483944588,-0.051839724940445864,-0.1414049964881651
0.1472991353749482,-0.05182195233382634,-0.14209749605610497
0.14920076706668595,-0.05174617541206796,-0.1428091909298086
0.15106632108757553,-0.05166071697726547,-0.14354894270953386
0.1529071103752429,-0.05161628437954281,-0.1443188103287406
0.15475801773892078,-0.051651028972975195,-0.14511352987747092
0.15665283518304368,-0.05177194173789329,-0.1459202379193502
0.15862840561462951,-0.05197983499973948,-0.1467301374468568
0.16072827528658606,-0.05225987328576691,-0.1475359561049798
0.16296638491997784,-0.05258236684831439,-0.14832351477034736
0.16536151340190924,-0.052903102308330646,-0.14908754415379685
0.16789523622225444,-0.053170345846030906,-0.1498212564529968
0.17052513041273185,-0.05335030232552677,-0.1505289190143517
0.173201534008236,-0.053438165673173464,-0.15122238864867676
0.17589624802430265,-0.05345315357660722,-0.15190806972315163
0.17857593249923134,-0.05342520709488979,-0.152603482058188
0.1812386332158299,-0.05338871199652088,-0.15330903143469637
0.18388810984927467,-0.05339022621866928,-0.1540346584001184
0.18655603814805782,-0.05346841329226944,-0.15477559867257867
0.18929160114329335,-0.05364243365404474,-0.15551783694520813
0.1921462308164408,-0.053900915631497695,-0.15624308698059308
0.19515550284516892,-0.05420723498685134,-0.15693621004885674
0.19833093185995837,-0.0545130896209151,-0.15758814141310973
0.20165947454497934,-0.054771912197925404,-0.15819675004405195
0.2051135257112702,-0.05496236800005744,-0.15876237888084152
0.2086632306763465,-0.05506771757891419,-0.15929197917593405
0.21227549979392668,-0.055085830178986196,-0.15979469029804289
0.21591040876890497,-0.05502855019303352,-0.1602870607016811
0.21954920834143757,-0.05492853530076437,-0.16077120667712338
0.22318062921682874,-0.05482257795635948,-0.16125481464980992
0.22681102989601543,-0.054760858550799436,-0.1617465957957932
0.22681316122162318,-0.05476169866775596,-0.16174591124691595
0.22681628433110299,-0.05476298962733233,-0.1617455370916574
0.2268217744703394,-0.05476526240901196,-0.16174431466067868
0.22685197474251076,-0.054777205586193395,-0.16173817576757746
0.22692480517794697,-0.05480494704069099,-0.1617274708016275
0.22705678596982393,-0.05485383025147884,-0.16171733002116478
0.22728100473925955,-0.05493216152599505,-0.16172222174274004
0.22760356962056674,-0.05504047751813581,-0.16175206496026437
0.22803197826242858,-0.05517973844673614,-0.16181154719780658
0.22856004102798344,-0.055348327406623696,-0.16189413761968072
0.22918960327936325,-0.05554299251915973,-0.16199705243532286
0.2299178688648756,-0.05576329851323408,-0.1621306680504398
0.23076428464436807,-0.05599631952271385,-0.16228605443485886
0.2317160662477319,-0.05624377648763214,-0.16244660573809513
0.23275492762992467,-0.05646967775436129,-0.1625993336003166
0.23382421067469958,-0.056615126569117734,-0.16275017686334273
0.23489308420456143,-0.0566944962530172,-0.1629113484000123
0.23596140624543469,-0.056712799508047716,-0.16307995270771922
0.23698287033261486,-0.05669640335576856,-0.16328382321264967
0.2379522594665293,-0.056687098063980514,-0.16352772497022783
0.2388780050962018,-0.05670182002135398,-0.1638098762702465
0.2397576686911616,-0.0567245900841096,-0.16413520714480864
0.2405940255337364,-0.056706417458859154,-0.16450818935182368
0.24141787007627255,-0.05661904246543448,-0.1649077144692987
0.24226826109547508,-0.05644788115817849,-0.16532154516765948
0.24319893359475744,-0.05619654757435245,-0.1657406300818298
0.2442454707548575,-0.055899049675407035,-0.16615852845054271
0.2454242827334191,-0.055596658432967745,-0.1665763918594227
0.24673250913968117,-0.055332766087781385,-0.16699981788846285
0.24814413622594986,-0.05514763797787391,-0.16743717977741132
0.2496525463243715,-0.05503859093860841,-0.16788535537161467
0.2512096627400732,-0.055024425229502856,-0.16835544119766913
0.2528195002273528,-0.055104363422049905,-0.16884526524809781
0.2544808010130108,-0.05527288754981692,-0.16934119725718694
0.256173735389187,-0.055545681747128345,-0.16987411989042042
0.2578520638075471,-0.055885648907122686,-0.17044007925005597
0.25950012762053215,-0.05626974792367438,-0.17104441004768325
0.2611078489664656,-0.05664804037259237,-0.17169196761382455
0.26269600737579224,-0.056969905959142496,-0.17236487556451036
0.2643110628125561,-0.05720901757690246,-0.17304539356181642
0.26600863130691094,-0.057366413815550556,-0.1737175411578059
0.2678284898056453,-0.0574709958337978,-0.1743739378841419
0.2697587399817584,-0.05753014538773116,-0.1750130237386044
0.2718426201060337,-0.057596488540454724,-0.17563876007868473
0.2740649855804112,-0.057658255130752394,-0.17624942436174884
0.27643261672643626,-0.05772831443083662,-0.1768397715268532
0.2789323167015362,-0.05784352077054535,-0.17741092960728438
0.28155267416081986,-0.05799978489396099,-0.17795419678926078
0.2842756613866766,-0.05826257906027809,-0.17850691456478152
0.2871008286280067,-0.05861412201342753,-0.17906367393149122
0.29000363394996703,-0.05906062376047683,-0.17961834922270756
0.29292758702810506,-0.059603002814325845,-0.18019367667539227
0.2958353698162736,-0.06020159956292752,-0.18079374744654092
0.2987175433865305,-0.060800933905670505,-0.181411429639932
0.301595007063876,-0.06135213545675357,-0.18203440332206589
0.30449961908842027,-0.0618385729219717,-0.18265078780013355
0.30746469086042005,-0.06225050911850146,-0.18325203150520725
0.3105241715233,-0.06259146326224282,-0.1838305736111844
0.31370726425936735,-0.06287542710476979,-0.18438163130081797
0.317033251692589,-0.06312263817090125,-0.1848986150335566
0.3205184800609407,-0.06336171919687235,-0.1853848239867252
0.3241677930398879,-0.06362898742902103,-0.18583803014940986
0.3279683405539894,-0.06397024935431206,-0.18626816230949067
0.3318690615476927,-0.0644201513732968,-0.1866831831633256
0.3358183975018091,-0.06497550171057254,-0.18709461110526235
0.33978549012713055,-0.06561127616702987,-0.1875048732203568
0.34375018212600966,-0.06629497057781972,-0.18791770893309012
0.3477205677973608,-0.06702384152700909,-0.18832805837160796
0.3516829639404139,-0.06775736713623301,-0.18873803275758477
0.3556511887912998,-0.06845105907286102,-0.18914950229603159
0.35565293733310505,-0.06845181125994292,-0.1891494038976509
0.35565608160617185,-0.0684531774760538,-0.1891485374006593
0.35566089949821683,-0.06845518163343976,-0.18914789526753947
0.35566845131655506,-0.06845833833462524,-0.1891469743714985
0.35570387915921864,-0.0684751932624334,-0.18914305683106616
0.3557802770017106,-0.06851084322423481,-0.1891371288222138
0.355923761869102,-0.06857681206728211,-0.1891376460338698
0.356161370830761,-0.0686795667417307,-0.18916316400677907
0.35649153077264056,-0.06881960647846831,-0.18921844636070978
0.3569139639878729,-0.06899867226856415,-0.1893023345186683
0.35742944224510276,-0.06921368962710699,-0.18941119627197664
0.3580444766041335,-0.0694458611053153,-0.18954566661763037
0.35875219226715804,-0.06967124623829543,-0.18969145647763036
0.35951373580122997,-0.06982570555125589,-0.18985121843863864
0.3602868408220948,-0.06991062737092985,-0.19003019647986846
0.3610422638786768,-0.0699312749550957,-0.19023954094263765
0.36173606725455426,-0.0699119016278725,-0.19050165069867966
0.36235504099239235,-0.06989280797230984,-0.19082171387609034
0.3629043613785204,-0.06987346999979706,-0.19119521837043252
0.3633843201705981,-0.06990521018731623,-0.1916351846462363
0.36381072044792284,-0.07001474330482754,-0.19214756658903084
0.36419669549655587,-0.07021142501300036,-0.19272240279187827
0.36458515941428327,-0.07052606950310393,-0.1933564047087412
0.36501221621699387,-0.07094896516944857,-0.19402258080417026
0.36546342652050817,-0.07147551276566187,-0.19473022894664785
0.3660058351199418,-0.07208265706061819,-0.19545575328342768
0.366651518003294,-0.07272688585869569,-0.19619236456112235
0.3673907518557284,-0.0733535656132374,-0.19693829068022764
0.36818200130751144,-0.07392878168682541,-0.19769403639142544
0.3689904192587693,-0.07444982309738812,-0.19846596935780814
0.369780967130662,-0.0749200200654241,-0.19926491918004482
0.37051469149332966,-0.07535776467681622,-0.20011118967054198
0.3711680290470779,-0.07581258038591783,-0.20101150448284447
0.3717465700649921,-0.07634173035773892,-0.20197035176075742
0.37228765698398003,-0.07699052315680657,-0.20297696818491626
0.37284470342966647,-0.07777538317636935,-0.20402056141902394
0.3734677272948815,-0.07868018122624142,-0.2050863927278142
0.37418412015733454,-0.07966824779722165,-0.20616123233783631
0.3749939430764756,-0.08070678643057909,-0.2072368317186367
0.3758982142060511,-0.08174594213925367,-0.20831766602007723
0.37686701529268984,-0.08276885854751158,-0.20939843558872123
0.37786110877781925,-0.08374603443353189,-0.21049111941928556
0.37882913128186485,-0.08468394649970666,-0.21160718321284522
0.37972723649284584,-0.0856185880159527,-0.21276062966083242
0.3805409870808271,-0.08660271468341385,-0.21396068668874166
0.3812841894679717,-0.0876851751497428,-0.21521183521156662
0.3819717199600177,-0.0888749491063024,-0.21650360821637987
0.3826306747423821,-0.09020061323233465,-0.2178338425073671
0.3833002431489959,-0.09167819985090062,-0.2192013030166699
0.38398182823234583,-0.09330325030821932,-0.22059769692699144
0.384703681300342,-0.09506733658525354,-0.22201160990786184
0.3855123029747615,-0.09695174024153401,-0.22343972347391258
0.3864088769576864,-0.09892102388854505,-0.22486061650191966
0.38739496765820514,-0.10093461104021113,-0.2262697103243662
0.38845898812607327,-0.10297670065787336,-0.2276670748887812
0.38957389927771785,-0.10499978509868868,-0.22906370047497437
0.39068397922962317,-0.10699418150559203,-0.2304701532776683
0.3917607624361445,-0.10898061976783877,-0.2318873242197086
0.39276160201951565,-0.11098982778385587,-0.23333554977277246
0.3936758252925473,-0.11307465651438425,-0.23482412168915334
0.39452331250553224,-0.11529192760057422,-0.23635145181257206
0.39535187629118324,-0.11767639393321278,-0.23790689676973828
0.39616753475583877,-0.12022069591390444,-0.23948164594126586
0.397040442310592,-0.12292593332545125,-0.24106522555718402
0.3979976253697183,-0.12576062861117476,-0.24264574186198745
0.39905568194067537,-0.1286774596402096,-0.244216410554971
0.4001952742441023,-0.13164408708904907,-0.24576638648891813
0.401393072537453,-0.13461254108229437,-0.24730632499624539
0.4025929698782668,-0.13756907290606915,-0.24884122961946878
0.403745493480843,-0.1405258150921887,-0.2503907971759732
0.40374749069918076,-0.14051727827631297,-0.2503907237569661
0.40387272682392006,-0.14051765279335224,-0.2503710816749537
0.40393695794516954,-0.14054038695260326,-0.2502658458970455
0.404051678968396,-0.14058327128830467,-0.25015074085568706
0.4041325518280335,-0.14070101393664372,-0.250067562256251
0.40408782285200634,-0.14099493024643434,-0.2500429991891381
0.40408150347935384,-0.1413267532066923,-0.25001084294852244
0.404081144864435,-0.14171503945737438,-0.24995220542476992
0.40417764117545046,-0.1420349535541857,-0.24983591090647297
0.4043513172656407,-0.14222443704722074,-0.24972637226843444
0.40451401037602613,-0.14231418498172865,-0.2496152042108318
0.40462079124118333,-0.14229213037210164,-0.2495416685339569
0.404701432276616,-0.14220869063351715,-0.2495334015234464
0.4047001235764633,-0.14214325513605813,-0.24964694128063394
0.4046468619556041,-0.1421171636313409,-0.24974321507559752
0.4045783802171236,-0.14211941123273764,-0.24982620699499464
0.4045422641592301,-0.1421506428933131,-0.24987591176979088
0.40452648776492595,-0.14214562007988366,-0.2499254225490093
0.4045280291574125,-0.14214984461375196,-0.24992349405924896
0.40449591054302797,-0.14220868248691806,-0.2499479281203088
0.40444933665431193,-0.1423135194916101,-0.24990881141955992
0.40450921476032914,-0.14242140284820906,-0.24979485308824956
0.40445358468206855,-0.1425722547643389,-0.24969394162477193
0.404367211521891,-0.14267999344451393,-0.24968038731313139
0.40422369476901926,-0.14266882317238963,-0.24978772880277744
0.4039905151652075,-0.1426514974338226,-0.2499847873465408
0.4037383265286265,-0.14266607516464447,-0.2503868238003358
0.4035848392379484,-0.14272956785411908,-0.25087313115602033
0.403493950380233,-0.1428455404053803,-0.2513919558901862
0.4035034086779564,-0.14302600390001227,-0.25190628878196836
0.40349564480414346,-0.14325491699934031,-0.25248020924376047
0.403496671652437,-0.1435413954610012,-0.25304731417245974
0.4036345663988029,-0.1437961192249354,-0.2534302107619762
0.40366299561849117,-0.1440351339317439,-0.2539350192484376
0.4036117013314099,-0.1443192890014152,-0.2543917628355239
0.4036313475157951,-0.14471126177742522,-0.2549443671066127
0.40360069012493505,-0.14509339565862944,-0.2556589292765662
0.40345969437252105,-0.14533234054330327,-0.2564465318012178
0.4033645519497254,-0.14547504034484168,-0.25725514528869986
0.40319600318935395,-0.14556923398467364,-0.25804170795837744
0.4029649425856515,-0.14555033735618675,-0.25882565980130845
0.40271722599836024,-0.14563114670652924,-0.2597376964224286
0.40251972753390963,-0.14569448456126924,-0.26059151689258764
0.40232069726777037,-0.14566709814096632,-0.26140428024209994
0.4020371465999553,-0.1454952523834226,-0.2622931939081284
0.4017006771481268,-0.14536816014455967,-0.26315438682212766
0.4014193189613771,-0.14520041552256532,-0.2639816439527793
0.401249468617971,-0.1450105866457571,-0.2648386967831329
0.4011153915890585,-0.1448029232666212,-0.2657005917437868
0.401012860212627,-0.14463413339412123,-0.2665742673810493
0.40093411773037785,-0.14451011096312072,-0.26773785691127544
0.40078457815058227,-0.14438912378948313,-0.2689484974755321
0.4005229507413331,-0.1442600735323386,-0.27032918747724455
0.40016456232194536,-0.14418761412995781,-0.27166335527246355
0.3997052017712306,-0.14410868614643244,-0.273106304320692
0.3991535282760885,-0.14400106078995445,-0.27468357475562005
0.398752481782153,-0.14402490934547454,-0.276391394934605
0.39836109631746247,-0.14409939657699855,-0.27807209462183513
0.39791271580380905,-0.14419393389692112,-0.279833523834829
0.3973419515853094,-0.14434145060998285,-0.2816118277336232
0.3967619609526755,-0.14466605992032427,-0.2834923409825818
0.3961013533603321,-0.145006263927779,-0.2855388955175383
0.395410972771545,-0.1454206878268574,-0.2875287441845729
0.39464499822132076,-0.14588917941603832,-0.28957732253738266
0.3937577579698747,-0.14636704773689155,-0.2916983960179295
0.3927997430585487,-0.14693237956510208,-0.2939177304637084
0.3920727279812162,-0.1474456795048473,-0.2960710221519931
0.3913058000885133,-0.14787842073772978,-0.2982434160391087
0.3905388446405029,-0.1482511863591764,-0.30043276407758585
0.38976146345790247,-0.14874247558156845,-0.3025944113298729
0.38972947497160176,-0.14874038024554292,-0.30256234117857417
0.3897826439412935,-0.14872278213940737,-0.3025533234535479
0.3899058546398616,-0.14869437418581927,-0.3026088205255793
0.3901129167572454,-0.14861437583373682,-0.3026833727612781
0.3903968964367437,-0.148431242005286,-0.3027810858726093
0.39073088301799425,-0.14812240344059044,-0.3029242863240364
0.39102952347916614,-0.1476658206929834,-0.30312336128006184
0.3913309057776721,-0.14708853567067343,-0.3034247602216722
0.39163002344750036,-0.14642625571698942,-0.30384444137473154
0.39193476060605725,-0.14569365108743956,-0.30441306773897914
0.39232523625442545,-0.14495127130943392,-0.3051777370851573
0.39275066834082195,-0.14420882115458353,-0.30609974232932413
0.3932777023028382,-0.14341185406070456,-0.30701174788015184
0.39389671663637416,-0.14258122082130878,-0.3079250317698154
0.39459170125376325,-0.14169887750179977,-0.308825341538891
0.39532010664594136,-0.14076009409146797,-0.3097214322379012
0.3960693680032203,-0.13974953197148068,-0.3106392653188422
0.39679083792551756,-0.13864790534355922,-0.3115296892062785
0.3974944077970828,-0.13734080124011316,-0.31242858263331275
0.3981240071703289,-0.1359978669607483,-0.3133003096781011
0.39870516618990764,-0.1346753782438923,-0.3141766786426282
0.39923657231120824,-0.13328269478665797,-0.31508945502909996
0.3996736420736897,-0.13172850764083016,-0.31604326478004935
0.4000908624184533,-0.13001006425316106,-0.31703154859982174
0.40038419209256954,-0.12826496339124005,-0.3180566051670391
0.40061238702235397,-0.12658010789277802,-0.3190737712103977
0.4007659177241656,-0.12488205860606091,-0.3201279353593302
0.40087419415675796,-0.12324407593563383,-0.3211787246790279
0.4010023707506942,-0.12169954807184533,-0.3222235384515722
0.40118881753061403,-0.12020774694223882,-0.32325326151454026
0.4014483769695764,-0.11872335696610367,-0.32428790353788817
0.4017488468460709,-0.11726787740597883,-0.32528933259560366
0.4020418403793437,-0.11586378258360291,-0.3262552219651477
0.40236402319888814,-0.11450409744026153,-0.32720285303108043
0.40270494355771774,-0.11320033759772685,-0.32812207118179804
0.40305441070088854,-0.1119397647940634,-0.3290062361256195
0.40342216912727974,-0.11073973010687949,-0.3298657972714346
0.40380081937392365,-0.10959795696397934,-0.3307087813369251
0.4041603649790626,-0.10852424422562935,-0.33155807200981313
0.4045018287228731,-0.10750947153922515,-0.3324225452488079
0.4047670103882804,-0.10651731245705015,-0.3332785079403274
0.4049715208922785,-0.10554352126395797,-0.33412181400873053
0.4051111067784774,-0.10460292834470912,-0.3349603767756604
0.4052064051776335,-0.10369968951811677,-0.3357827391331545
0.40526062383050665,-0.10284944512538804,-0.33659464899911634
0.4053141065367748,-0.10206101656942006,-0.33738555715940055
0.40535008615867274,-0.10133989351518397,-0.3381553141096379
0.40535580385786385,-0.10068114803702377,-0.3389062960162655
0.40536614203928323,-0.10006484917555787,-0.3396271484279408
0.405447856162225,-0.0995041976304403,-0.34031121957857946
0.40556846160787785,-0.09899176215284805,-0.3409625019998804
0.4057683030474407,-0.09853141570372242,-0.3415825995716566
0.406044572078287,-0.09814036504845908,-0.342177350969639
0.4063784019802222,-0.09781394824886545,-0.3427298028149401
0.4067503995318684,-0.09754508765507547,-0.34322546334779025
0.40712027532009865,-0.09733273131382451,-0.34367783741077546
0.40748224349467194,-0.09715848504947466,-0.3440879364454268
0.4078496275068522,-0.09704151497455521,-0.34445459334661005
0.4082157410365571,-0.09699679831154527,-0.3447739306144645
0.40853451292572324,-0.09699046046330626,-0.34506985414212005
0.4087957786526092,-0.09700668991223498,-0.345351258496044
0.40901310448100653,-0.09704658521321981,-0.34560375907664115
0.40918404716750323,-0.09713824134607277,-0.34581597649921514
0.409303858258298,-0.0972569987829536,-0.34598128490837143
0.40939123808047123,-0.09737839804973067,-0.34607998291239456
0.4094696899822474,-0.09747471005944311,-0.34612763352303516
0.40952830442668325,-0.09750878660587367,-0.3461471186020385
0.4095280184274247,-0.09750584637031824,-0.3461410152051153
0.40952990889424346,-0.09750259699654583,-0.3461444340410811
0.4095280184274247,-0.09750584637031824,-0.3461410152051153
0.4095917922712229,-0.09745870313773662,-0.3461514897822118
0.409746656729971,-0.09736125754494304,-0.34616403516439576
0.40996517256152953,-0.09721411829316562,-0.3462025967326487
0.4102926890183034,-0.0970431802258501,-0.3462771382807984
0.4107516279498678,-0.09687421408390606,-0.34641074428170476
0.41128117300817035,-0.09667477772875736,-0.3465353227942005
0.4119713022631607,-0.09652115205563813,-0.3467089884905144
0.41277563176124155,-0.09635820177110528,-0.34696127294814005
0.4136401860987546,-0.0961494364196436,-0.3471850603772764
0.41459248940452553,-0.09589513607805054,-0.34742032518678345
0.4156061873312648,-0.09555322704105453,-0.34765430360174937
0.41669721873902366,-0.09512547460542352,-0.347893711893972
0.41785402265506116,-0.09459801067172978,-0.34815825549174007
0.4190521600111526,-0.09397458678782705,-0.34845572427876215
0.420217876496618,-0.09324814873418077,-0.348814426597794
0.4213087163047044,-0.09259296414225754,-0.34925827128924986
0.42245787254687617,-0.09204486215007346,-0.3496776780143185
0.42365895802468084,-0.09162598214508165,-0.35004258254734955
0.42487727186044905,-0.09129260859136759,-0.3505300396205222
0.4260561295397635,-0.09101211638328331,-0.351146487410622
0.4272568177697191,-0.09080057499147898,-0.35186868818421785
0.4285820114260163,-0.09061056512438186,-0.3525549321347582
0.4299954386519886,-0.09037591021529143,-0.3532554240699206
0.43146356829770066,-0.0900615660620476,-0.35399150756992454
0.43298588644505925,-0.08966626519384947,-0.35475989338724867
0.4345355988432656,-0.0891896956455929,-0.3555009185820481
0.4361247360192459,-0.08859439134948106,-0.35624471942422303
0.4376962466759686,-0.08788346352231266,-0.3570114418049436
0.4392051336196924,-0.08711181121388116,-0.3578008514266236
0.44061991180335336,-0.0863077595087199,-0.358608157475552
0.4419463243971285,-0.08554532145269737,-0.35946889946733923
0.44323297236359716,-0.08485840068926032,-0.3603861060901222
0.44447465790575863,-0.08423927251077266,-0.36137005892839147
0.4456793504833622,-0.08370800681291897,-0.3624511241900541
0.4468194484560718,-0.08325588186227863,-0.3636437538618212
0.4478451740964885,-0.08283389580125718,-0.364918031489176
0.44877632400554324,-0.08246548088343018,-0.36620163535488587
0.4496247763356185,-0.0820824441437602,-0.3674624692132785
0.4504080084848352,-0.08164514432376391,-0.36868846202030375
0.45116040825759157,-0.08113008910504822,-0.3698901395995068
0.451964976869578,-0.08053414305685833,-0.37107920588583954
0.4528486658998572,-0.07993506396540001,-0.3722820659145428
0.45377593126686455,-0.0793935119263249,-0.37351962200621663
0.45474158095690237,-0.07892555720635068,-0.37468652773558525
0.45569702963044534,-0.07855799069229089,-0.3758252681779636
0.4565865926582501,-0.07826824266814177,-0.3768954536386371
0.4573949112256713,-0.07803707657382483,-0.37787729833446293
0.45815168233847003,-0.07783065744746923,-0.3787707204369926
0.45880272432050806,-0.07763515650150583,-0.3795699379804065
0.45929205115637567,-0.07743493232564161,-0.3803108425424984
0.4596362753965541,-0.07724024773283869,-0.3810152675840019
0.45983667556815977,-0.07704394224169507,-0.38163716839984607
0.45991377471575884,-0.07687052658913722,-0.3821394290971051
0.4599084235126472,-0.07677716611433638,-0.38252962398299534
0.4599001423819342,-0.07675996415525385,-0.3828130643517023
0.4599303721823908,-0.0767640378313688,-0.3830228873182799
0.4600106644501367,-0.07675866539640414,-0.38318454900983934
0.46013192290494537,-0.07671935683141709,-0.38332698933170084
0.46025476700113266,-0.07663193613065891,-0.38348051740573064
0.46035960506924106,-0.07651737935105657,-0.3836662842487219
0.4604114078801963,-0.07636998158780928,-0.3838881187797102
0.4603695275378599,-0.07623777256162101,-0.3841592878015853
0.4601950083014474,-0.07621680308927527,-0.3843129368438235
0.4600104634437558,-0.07622752437616703,-0.3843431462897575
0.459795913295408,-0.07632173551351318,-0.3843175852762778
0.459687830896071,-0.07639230257953131,-0.38424475177988204
0.4596430110166012,-0.07642309357971254,-0.3842152638036528
0.45962751586511397,-0.07644725162709118,-0.38418405004418715
0.45962408436001345,-0.07644829247045662,-0.38418585333536076
0.45962156710607066,-0.07644263367294477,-0.384192477793932
0.4595731182227273,-0.07647214738054707,-0.38417484175693495
0.4594778079734222,-0.07652128675032704,-0.3841515879665097
0.4593103237225523,-0.07658242594124283,-0.38413750059685575
0.459048147195794,-0.07665062465376801,-0.3841254775734298
0.4587036946245346,-0.07672842824640028,-0.3840977795787397
0.45830728535023907,-0.0768115538807613,-0.38404511056090174
0.45789263858863605,-0.07689031755224239,-0.38400469398059633
0.45746195955674246,-0.07697352797613448,-0.3839646343931454
0.45704510369708357,-0.07705380058771574,-0.383916970126496
0.45663640861271904,-0.07711340606414628,-0.3838713112442109
0.456246623077278,-0.0771468136856801,-0.38383877229077373
0.4558957628336721,-0.07715323082815426,-0.38384540178372706
0.4555655383452141,-0.07713552251903533,-0.38390085923982625
0.45525916032319363,-0.07708401157350607,-0.38397863147344213
0.4549721311405598,-0.0769956754417749,-0.38408113491782925
0.45471282054115425,-0.07688066481598359,-0.384211010144542
0.45448368484822005,-0.07674006851553165,-0.38436102008249334
0.454273338764591,-0.07657178160050063,-0.38452081938100663
0.4540825711374873,-0.07637919660947452,-0.38468485547949177
0.45390881619358653,-0.07615722862743034,-0.38484066718072507
0.453757562384249,-0.07592430268147608,-0.38498671686504665
0.4536369237246559,-0.07568897356478198,-0.38512279221701307
0.4535572425857526,-0.07542883982950269,-0.385253149130818
0.4534993323851349,-0.07513239969703743,-0.3854111287537394
0.4534747068214453,-0.07481422080069525,-0.38558641216119405
0.45348691020097465,-0.07448300895501263,-0.38574242882537163
0.4535344417368153,-0.07413171293249025,-0.3858837537865243
0.45361117177740196,-0.07376417746266128,-0.38602660484160256
0.45371891887415255,-0.07338930321310512,-0.3861616060201604
0.4538669304846035,-0.07303596797605667,-0.3862808803101125
0.4540538192334878,-0.07269646894673427,-0.3863812606917032
0.4542621258459522,-0.07239005812971962,-0.38645815037019826
0.4544631098276641,-0.07215454694480285,-0.38651590197391805
0.45465646174640023,-0.07197115720614547,-0.38655147276874063
0.4548125043922974,-0.07185544017128707,-0.38656503143826615
0.45491646072061476,-0.07180965738946717,-0.3865575659636241
0.45490879123160144,-0.07181566216017976,-0.3865558584515763
0.45485135349938977,-0.07190619388471797,-0.38653717147932887
0.45472724733592035,-0.07208988184310554,-0.386504406501161
0.4545313118612793,-0.07234457131580788,-0.38645936820752524
0.45426290238956385,-0.07263573027728015,-0.386393290740325
0.4539306940484046,-0.07290338914759471,-0.3863022294992611
0.45353601612479877,-0.0731338701121105,-0.38617971492843
0.4531193204426471,-0.07329439617392619,-0.3860344452616922
0.45273352380851345,-0.07337493423820365,-0.38586319953433235
0.45241090940113704,-0.07340484577762273,-0.38568384887178536
0.45216596836866935,-0.07338252540043308,-0.38548504156666025
0.4519521333658372,-0.07335940977485829,-0.3851766196572176
0.45182469511578105,-0.0732816248373542,-0.3848264577392098
0.4517855383405364,-0.07315583021665163,-0.3844776395486734
0.4518352547756147,-0.07301982770602629,-0.3840457100416926
0.45197897181876107,-0.07285550561389993,-0.3836112526196096
0.4522087942329685,-0.07265633915444139,-0.38319046720133404
0.4525486105291471,-0.07241749065254885,-0.3827974966735412
0.45294621581284156,-0.07212787950324179,-0.38246369966988475
0.4533646548120392,-0.0718560589306525,-0.3822282255168827
0.45376899489229877,-0.07158846429526375,-0.3821046893896313
0.4541587665085967,-0.07127511557837601,-0.3820527964227366
0.45450292129302655,-0.07094812515834947,-0.3820767394487615
0.4547664253221471,-0.07066941134444515,-0.38209869575201777
0.45495882393443443,-0.07043089999679909,-0.38214193941153113
0.45508851049955684,-0.07023033530038111,-0.3821951781870762
0.4551539513367069,-0.0700799724264594,-0.38223842195929003
0.45517652589936736,-0.07000141337687311,-0.3822635895231532
0.45516962069734457,-0.06999498587354973,-0.38226639402468565
0.45515125812155355,-0.06998499917815539,-0.3822652672455699
0.45515159341165956,-0.06998499438056564,-0.3822676803142869
0.45515639273767333,-0.06998646971639742,-0.3822692105637897
0.4551589165698037,-0.0699871089978948,-0.38226813120411857
0.45516027176439605,-0.06998999492464743,-0.3822646241007693
0.4551569774527174,-0.06999930686759769,-0.3822655121238659
0.4551275475792327,-0.07003961429673498,-0.3822554200573334
0.45507969778736657,-0.07012925313283006,-0.38222034015030953
0.4550318729464367,-0.07027033330771673,-0.3821675885823379
0.4549929528112466,-0.07045473580277509,-0.382112167569434
0.454951046021918,-0.07068135656699319,-0.38206476504782516
0.454891989579508,-0.07096410108468916,-0.38202805354421576
0.4548321939565263,-0.0712984796276948,-0.3820303785864143
0.4547493302803252,-0.07169789654833622,-0.38209695117151543
0.4546343756384634,-0.07215261638888074,-0.382237458765131
0.4544712450841813,-0.07262869006479922,-0.3824674436982695
0.4543235728314701,-0.07317778176057632,-0.38265202448499736
0.4541558924097609,-0.07379241705319818,-0.38285191872405244
0.4539349677883613,-0.07444723021181052,-0.38304919465385534
0.45367076520545374,-0.07513595893851331,-0.3832471403221717
0.45334626972835657,-0.0758486885359604,-0.38345196213571553
0.4529487385079922,-0.07657531399231836,-0.3836739100124634
0.4524862128889892,-0.07729443194928355,-0.38389692879446974
0.4519434208972994,-0.07799607437551019,-0.38413035559168723
0.45133944005975446,-0.07867656195686305,-0.3843523915427234
0.4506848625127317,-0.07933564656125255,-0.3845520314294336
0.4499832269779868,-0.07996951611832326,-0.38472027228409533
0.44926848064597896,-0.08059501286007124,-0.38483886002385553
0.448538952329983,-0.08120334658919909,-0.3849076597619424
0.44780621335869414,-0.08179239389587604,-0.3849249072638981
0.4470546834655126,-0.08236706142753035,-0.3848869975576783
0.4462931465854908,-0.08292607352931365,-0.38479487689899966
0.4455099853012096,-0.08347008111713702,-0.3846540742740489
0.4447040558642057,-0.08401329189257778,-0.3844514262703417
0.44388655729918886,-0.08454990575489142,-0.3841809382639645
0.44307609106226037,-0.08510173120928717,-0.3838385676224453
0.44232190676666433,-0.08567939317138698,-0.38344832301632714
0.4416838498293467,-0.08628627953454275,-0.3830374452193832
0.4411595006175768,-0.08691165515335492,-0.38264405416576325
0.4407435256658885,-0.0874990176250074,-0.3822407708696609
0.440422899569699,-0.08806397000160501,-0.3818869986555908
0.44020095975660817,-0.08861052945914816,-0.3816191237626938
0.440077289384441,-0.08911029273527192,-0.38144272694891973
0.4400178233047842,-0.0895463658651886,-0.381347859790113
0.440016231893114,-0.08989529156461241,-0.38134485921549893
0.4400542344308094,-0.09015188462801123,-0.38144818909904527
0.4401089571024182,-0.0903126147923228,-0.38164188021987927
0.44017693009760883,-0.09039026089674329,-0.38192974435284915
0.44019623415337633,-0.09037490824297337,-0.3823345797719388
0.4401186840351297,-0.09032511874920213,-0.382731643960678
0.43997707461623287,-0.09024626227589111,-0.3831457425826745
0.4397770910192645,-0.0901630307768709,-0.3835694737147041
0.43951195702947166,-0.09008404060601806,-0.3839897725220302
0.4392113918119597,-0.09000230749535995,-0.3844170273504794
0.4388608522756222,-0.08991815722337962,-0.38482024932248543
0.43844037135163055,-0.08978485485285634,-0.3851905110813062
0.43800635890196965,-0.08960552411329167,-0.3855007127385278
0.43757226164150587,-0.08941828592458671,-0.3857417242541421
0.4371732314941039,-0.0892553369323297,-0.3859515899376566
0.4368175676155627,-0.08913506324582558,-0.38613661362133306
0.4365172978491641,-0.08905656044298825,-0.386358008013493
0.43630938964055,-0.08899155061507757,-0.3866303291252531
0.4360942320145464,-0.08892358907270208,-0.3868049883311633
0.4359224670506803,-0.08889722409775216,-0.38694393975646635
0.43581190419918353,-0.08887029296050897,-0.38706208557163313
0.4357591640613811,-0.08885407774599031,-0.38713715963243506
0.4357789137972392,-0.08883693940809081,-0.3871673881265809
0.435784221899452,-0.08884122892226616,-0.3871658125130469
0.4357856957555888,-0.08884957059456747,-0.3871650399354926
0.43573721629648243,-0.08887356130792537,-0.38722006823464794
0.4356917878630576,-0.08889721842459873,-0.3872647107312951
0.4356995102395441,-0.08889401707936398,-0.38726003225639466
0.4357305123895199,-0.08888034747852583,-0.38724652431959805
0.43572689059478376,-0.08888189260236445,-0.38724808650202863
0.43569668544613277,-0.08889544394634792,-0.38726131858628593
0.4356952024592675,-0.0888992915223857,-0.3872565086770843
0.43569516901414546,-0.08889085771032415,-0.38725277890459364
0.43571675355788636,-0.08885282328338637,-0.38718768531175735
0.4357404506837011,-0.08876956958520629,-0.3871033412202355
0.43577132796540585,-0.08865598236488736,-0.38700951089204366
0.4358141884252181,-0.08848393673332267,-0.38692408194193645
0.43587924559880836,-0.08826902542415223,-0.38688133716700257
0.4359364607485124,-0.08802850477734422,-0.3868951408432907
0.43607528559113284,-0.08771096316475716,-0.38692503572828224
0.4362010745926324,-0.08736047005011098,-0.38698042273700006
0.436298056413805,-0.08700591480508012,-0.38706633050061273
0.4363768571761972,-0.08666749754472652,-0.38718929801716107
0.43643371146623183,-0.08635287278712436,-0.38735775157360014
0.4364567150936143,-0.08608102417517328,-0.3875373610552653
0.43644766663038637,-0.08589265475439282,-0.38769187247502723
0.43641703555108613,-0.08577631551666907,-0.3878298097689267
0.4363707656903556,-0.08573104577302398,-0.38793186302250965
0.43636202331333096,-0.08573409304654969,-0.3879281486940448
0.4363556237262081,-0.0857293661629568,-0.38792314591425536
0.4363230504411729,-0.08571657482421528,-0.3878771534896927
0.4362970811387158,-0.08568953443139764,-0.38778437992828657
0.4363094763568279,-0.08565815722330646,-0.38763206368625835
0.43637096335819603,-0.08568926951055444,-0.38747513436820186
0.43644805331658076,-0.08581954013083072,-0.387378764863048
0.43653533428962304,-0.08602686377557184,-0.38737958835325176
0.43658934332963534,-0.08630475815862927,-0.38750226259083337
0.43660053351801253,-0.08661113335472165,-0.38773751108460663
0.43655751301992046,-0.0869611738306094,-0.3880769240675528
0.4365412048413771,-0.08737946908201727,-0.38833494238260147
0.436515556794365,-0.08785273991297311,-0.38857084418897153
0.4364604516875903,-0.08836821675731683,-0.3887731107719716
0.4363909013452265,-0.08887980682385,-0.3889120555407238
0.4362799907402068,-0.08938272527956194,-0.38899076456439813
0.4361597996844026,-0.08986274234287414,-0.3890009158802048
0.4360279142544176,-0.09030756559750357,-0.38894261233357036
0.4358566927182821,-0.09070921469537634,-0.388835035314226
0.43563337320479617,-0.09104264558779643,-0.38870038619458175
0.43537237458821265,-0.09129872103526068,-0.3885556087908475
0.4350956476698696,-0.09146656290383685,-0.38841485262836567
0.4348582449329928,-0.09153209868010403,-0.38826641693418584
0.43469641502060835,-0.09154680598901775,-0.3881177026709687
0.4346394973595523,-0.09156894187343378,-0.38798031638497704
0.4346507360350882,-0.09162248840636973,-0.3878910543792641
0.4347079894477762,-0.0917346868761883,-0.38784745115736147
0.4347749793403074,-0.0919369119566107,-0.38782934604317354
0.4348743466558594,-0.09218373456778699,-0.3878333725785748
0.43501525864186585,-0.09248376089020734,-0.38792206149386776
0.4351974729604773,-0.09279426233771865,-0.38809832935672006
0.4354077772980854,-0.09308533888699091,-0.3883890973921456
0.4356559837008363,-0.09336080949901127,-0.388777536192216
0.43598824522625407,-0.09361576106038492,-0.38911354216194494
0.4363857112394906,-0.09386934971415928,-0.38940325648929536
0.43682853378993847,-0.09410220258620693,-0.38970068234311095
0.4373583246164536,-0.09433409383947308,-0.3900217085857515
0.4379433825690596,-0.09450805722923843,-0.3903760052846858
0.4385686920021615,-0.09462732031827578,-0.3906563768823288
0.4392488259484466,-0.09473095690477286,-0.3909055925223007
0.4399689912489761,-0.09484255339278679,-0.39112476260416906
0.4407047907298022,-0.09490541508584018,-0.3912935275555891
0.44140915193163294,-0.0949841767153254,-0.39134649552594564
0.4419920208113789,-0.09507938753625032,-0.391403224607263
0.44248931711356776,-0.09520592436352027,-0.39145282890881483
0.4428245388053379,-0.0952620331079857,-0.3915298205243151
0.4430939849288254,-0.0951648019780432,-0.3916545883201117
0.4432076679942612,-0.09502138860379766,-0.39178973205031326
0.4432105375861346,-0.09496989682877457,-0.3918914129301607
0.4431887055032065,-0.09495650626742051,-0.3919616933872825
0.4431956589590056,-0.09492498519539891,-0.39198430195290157
0.44320447730306617,-0.09492520166640574,-0.39198242034015207
0.4431956589590056,-0.09492498519539891,-0.39198430195290157
0.4431882004339149,-0.09492171650307207,-0.391986681206749
0.44316366800122764,-0.09487388898030383,-0.3919666324417614
0.44310673400432665,-0.09477215140338516,-0.39193502797672963
0.44300421751768715,-0.094608357076006,-0.3919078541759456
0.4428444964314771,-0.09437519464240701,-0.3919103560744032
0.4426259242971316,-0.09406836732553935,-0.39196241321528597
0.442349851657835,-0.09368937020875598,-0.3920656431717175
0.44201746736662717,-0.09323863471741721,-0.3922141254197943
0.44162907234867615,-0.09271737209779478,-0.39240455986741885
0.44118597779654695,-0.09212401332952987,-0.3926354400471559
0.4406996087336011,-0.09144170929496734,-0.3928998209367403
0.4402181079992255,-0.09064852469364851,-0.3931580231905623
0.43978266252679094,-0.08975888112678075,-0.3933935031476795
0.43942071494734425,-0.08880205179415405,-0.3935978735834847
0.4391457245591211,-0.08781231254382516,-0.393769969201748
0.4389581136517664,-0.08682576496858097,-0.39391370885144833
0.43884707809774626,-0.08587320699117075,-0.39403785933770225
0.4387928877887437,-0.0849768060416099,-0.39415302169966043
0.43877233700741025,-0.08414923336883978,-0.3942707228348652
0.43876023280454185,-0.08339392050522894,-0.3944015076314571
0.4387354365710822,-0.08270823716037728,-0.3945572372776189
0.4386809912578907,-0.08208566443277981,-0.39475151869980274
0.4385782420339013,-0.08151045942916178,-0.39499566538368913
0.43840587778096796,-0.08094466082494532,-0.39528961944883245
0.438163184229571,-0.08034268014477719,-0.3956199503037836
0.43786942493460385,-0.07967127788993952,-0.3959723813053409
0.43755338013070294,-0.07891220827040057,-0.39633060196372005
0.4372472185901546,-0.07805993610930259,-0.39668230284823414
0.4369826224096987,-0.07712423490931686,-0.39701298349003467
0.4367980921274347,-0.07613220232524846,-0.3973143501841942
0.4367031602656065,-0.07511902963327406,-0.3975778569119078
0.4367001822601,-0.07412699079637856,-0.39780609172528386
0.43677219419601543,-0.07320729160712695,-0.3980177741937934
0.4368724557265976,-0.0723855917596228,-0.39823197116424713
0.4369617230044914,-0.07165506793156085,-0.39845535077454247
0.43701034486371193,-0.07100050981770413,-0.39870351094334716
0.43699232959057294,-0.07038813527097779,-0.39899664516464295
0.4369009363546337,-0.06977939948381662,-0.3993323716407741
0.4367426070794671,-0.06914212857302948,-0.3996927615167355
0.43653947317998537,-0.06844465404838256,-0.40006656950047925
0.43633407942431235,-0.06766755114934725,-0.4004333554212342
0.43615844743686605,-0.06682009253275267,-0.4007725224103077
0.4360456399306899,-0.06592373091747243,-0.4010723755710512
0.43601649997325925,-0.06501133188313399,-0.4013269601881471
0.43608221105698664,-0.064132595943371,-0.4015406165251219
0.4362256148832885,-0.06333721612701189,-0.4017265819334211
0.43641452255191127,-0.06264280197964507,-0.40189074389185964
0.43660287864040864,-0.06206331165262761,-0.4020616674355398
0.4367491745182398,-0.0615809361503959,-0.4022594050255544
0.436825079665886,-0.06115598929543792,-0.4024924079959325
0.4368245146414174,-0.06074019794312083,-0.4027559431047602
0.4367597115643309,-0.06030324646322826,-0.40303106917778736
0.436654177902168,-0.05981986528583098,-0.40330658943869063
0.4365389909301203,-0.05927651299471258,-0.40356965051573024
0.4364472922921957,-0.05867590150631634,-0.40380432821390627
0.43641009882935333,-0.05803552085047364,-0.4039966250254918
0.43645105206149737,-0.057384055824869926,-0.40413883150448315
0.4365817844708914,-0.05675898822626657,-0.40422856232830723
0.4367985007184189,-0.056201337380710724,-0.40426977072543374
0.4370815133956641,-0.05574582981693305,-0.40427266235321574
0.437399715716342,-0.055414369738540664,-0.40425175726743023
0.4377197350378093,-0.055212671977274884,-0.4042231410706398
0.43800548915152293,-0.05512967580236413,-0.4042013090946199
0.4382291673803466,-0.05513823595892208,-0.40420663512593324
0.43837951693200605,-0.055210914339405934,-0.4042318771980014
0.4384551324325282,-0.055302826477180426,-0.404281518291213
0.4384711666035616,-0.055381139345363296,-0.4043313367952222
0.4384574576278729,-0.05542365765180962,-0.4043660440514334
0.4384493190618987,-0.05542310171983563,-0.4043697810097563
0.4384574576278729,-0.05542365765180962,-0.4043660440514334
0.4384513477901487,-0.05541994024862825,-0.40436781358648677
0.43843293219118445,-0.055380388067409955,-0.4043508757813881
0.4383904181374345,-0.055300872231923565,-0.4043222905173446
0.438309140802821,-0.05517214460614888,-0.40429632936609095
0.4381759437812084,-0.054984033753264654,-0.4042965164604618
0.4379856234354561,-0.05472793557271275,-0.4043601974477917
0.43773963252345394,-0.05440813697217668,-0.4044751678951065
0.4374379304711931,-0.054026765938848614,-0.40463731020309923
0.43708022290034204,-0.053584721485626194,-0.4048444655080955
0.43666700284412957,-0.05308103539052983,-0.40509496445759663
0.43620449665619393,-0.05250924368228443,-0.40538227909588415
0.4357390651461627,-0.051845092453022955,-0.4056594129706706
0.4353111198364472,-0.051100150360202275,-0.40591356139879525
0.4349479549989801,-0.05030236525706122,-0.4061371787722265
0.43466267010425375,-0.049485645649167964,-0.40632969216260517
0.4344550221421909,-0.04868474899937504,-0.40649591177996414
0.4343082315397752,-0.04794166316771624,-0.40665157994852286
0.43420238371648484,-0.047266155634756044,-0.4068014194405564
0.4341153421651803,-0.04666558047529482,-0.40695313028288393
0.4340363814355017,-0.04614050998300196,-0.4071095092010004
0.43397322101766816,-0.045688502447300744,-0.40726386449544894
0.4339585581602554,-0.04530615324129049,-0.40741117748342587
0.4340233141394334,-0.04496439977556621,-0.4075387366122352
0.4341762958065874,-0.044615461071794774,-0.40763816878407433
0.43439998948955383,-0.04420478628807301,-0.40771785566719276
0.43466288814278214,-0.043716174260540815,-0.407783339020137
0.4349311636350924,-0.04313890263058345,-0.4078506456234012
0.43517400204131756,-0.04247805932329069,-0.4079341001183114
0.4353637204416173,-0.04175016284620335,-0.4080522049976375
0.4354891288610808,-0.04097123402691902,-0.4082099898486897
0.43553377222720213,-0.04017131350110056,-0.40840443387641084
0.43549346336923384,-0.03939855596696293,-0.4086302179164775
0.43538619376941073,-0.03869246163352642,-0.40887658017545875
0.43524342359075946,-0.038077611071442675,-0.40912971553252214
0.43509748626895983,-0.03756140560394964,-0.40937894082440557
0.43498346340776756,-0.037135941001104844,-0.4096104945488685
0.4349247950566551,-0.03678296869850321,-0.40981647672121047
0.43493870001054513,-0.036473743482606506,-0.4099906018779942
0.43503020397519543,-0.03617426707348098,-0.410131521762308
0.43519110453257615,-0.035850695262132845,-0.41024316649297626
0.43539899591666736,-0.03546423801531606,-0.4103451102071985
0.43560850475398144,-0.03499938920540418,-0.41045278853988976
0.43577728808914823,-0.03446849960811204,-0.4105696276507722
0.4358659015364946,-0.03390214887212409,-0.4107172967146603
0.43586123577976776,-0.03333639312580211,-0.41088843097035366
0.4357616802909066,-0.032808534378439586,-0.4110839141949881
0.43557844298062875,-0.032353654814112516,-0.4112982553677031
0.435333506069256,-0.03199872666792211,-0.4115230825276704
0.43505961663761855,-0.03175985764150818,-0.4117436203938833
0.43479002143257534,-0.03163762076654382,-0.41194778432352763
0.4345596354023602,-0.031614872174815956,-0.4121211239029857
0.43439028037202043,-0.03166113709173715,-0.41225507359073515
0.43428763361372547,-0.03174210106516026,-0.412346096401794
0.43424548265974094,-0.03181726497619922,-0.4123983209224112
0.43424151918846127,-0.0318600251598285,-0.412418552910493
0.4342468186713547,-0.03185231703637663,-0.4124195265515941
0.4342190068158608,-0.0318141209495804,-0.41244115242768026
0.43412452556033065,-0.031753459329188854,-0.41250597476814754
0.4339256916225383,-0.0317055651611821,-0.4126189528993861
0.4336091724030361,-0.03171331581014737,-0.4127701170788034
0.4331793279367305,-0.03181758584476436,-0.41295878448200374
0.43265400978318636,-0.03205102781807383,-0.4131781780090585
0.43207037615914523,-0.03244240201401914,-0.41341926825047876
0.43145723888706333,-0.032992577917338756,-0.4136638347192364
0.43084837418357586,-0.03369224461425995,-0.41389982711641304
0.4302828475549313,-0.03450817807803579,-0.41411861142898837
0.4297619583826037,-0.035407999255902066,-0.4143114232678102
0.4292839137847816,-0.03633694450125117,-0.41448769520523915
0.42881431571739914,-0.03725655769423425,-0.41466065885959064
0.42830595081838474,-0.03815377710643593,-0.4148501341536303
0.428299881857277,-0.038150117289471985,-0.4148518859355826
0.42823583729149123,-0.038142160754863326,-0.4148503936961264
0.42809894542061416,-0.03811999079735493,-0.414857641743264
0.4278785985668567,-0.038075441475367164,-0.4148843218538475
0.4275639126374194,-0.03799501417946249,-0.41495652534742233
0.4271530140364431,-0.03787544305472482,-0.41509415666328797
0.4266504214976862,-0.03771400838505469,-0.4153061480529052
0.4260551225320705,-0.03751545605375599,-0.41557739438884056
0.4253707529348677,-0.03727936256897928,-0.415905943456196
0.4245945432330927,-0.037009820892544155,-0.4162910100069438
0.42372201088990086,-0.03672494660061951,-0.4167343140707125
0.422766092016859,-0.036505154103400106,-0.41722141166559684
0.42176150069807417,-0.03636534402735734,-0.4177302362359319
0.4207453496107185,-0.03631180332202148,-0.41824991611969203
0.41975415454593396,-0.03633418537528144,-0.4187681347004139
0.4188137690055629,-0.03641035262056,-0.4192768608761256
0.4179379596202747,-0.036514496759017384,-0.4197717177905849
0.41713568529373646,-0.03660474081213579,-0.42025475301431875
0.41639889095878724,-0.03664597103004571,-0.4207338895498195
0.4157094512068092,-0.0366180533967025,-0.42121395637831255
0.41503804269004063,-0.0365025529695206,-0.4217078946141786
0.41434818866315076,-0.036296930987146064,-0.42222984574890643
0.41360321967638114,-0.03601971856097326,-0.42278683768016395
0.4127749416523543,-0.03570837611347177,-0.4233932910064376
0.41185860407584557,-0.035400395167448126,-0.4240380353176066
0.4108661464461166,-0.03514268212394242,-0.42472041626135976
0.4098225257051545,-0.03496153254739095,-0.4254234082510629
0.40876051264950153,-0.034872178825353234,-0.42613669870972815
0.4077161479168091,-0.03487509857423666,-0.4268466309618332
0.40672483551806987,-0.0349543322758308,-0.42753981941880975
0.40582044898725245,-0.0350742247610579,-0.42821077408130803
0.40500327536636055,-0.03519902476194462,-0.4288502588616022
0.40426651215217035,-0.03528959409377629,-0.42946139038036996
0.40358571222355344,-0.03530309507442531,-0.43006398136932367
0.4029253100935065,-0.03523143453520146,-0.430663261875981
0.4022517529909486,-0.035076448572962285,-0.43127434272209586
0.40153670829877947,-0.03485465352462832,-0.4319064036552952
0.40076096448091936,-0.03459027898282309,-0.4325663682743355
0.3999139449816555,-0.03431449029776995,-0.43325522108665143
0.39899608760589333,-0.03406610308161223,-0.4339689421154305
0.39802375251994215,-0.03388036505910357,-0.43469794223092006
0.3970259220828645,-0.033782277210953185,-0.43542944031083136
0.39603806678294584,-0.03378171210282701,-0.43614923578387155
0.3950983735731205,-0.033871826718022045,-0.43684204325385284
0.39423447740048045,-0.034033054075466314,-0.43749788495810843
0.3934664686359223,-0.03423439566246833,-0.43810889485895677
0.39280106560646594,-0.0344393773897922,-0.43867265184586046
0.3922313140219151,-0.03460857163864464,-0.4391941343860884
0.3917356119056947,-0.03471604114195012,-0.43968025057041676
0.3912864865361066,-0.0347447854843899,-0.44014338425807603
0.3908534620334519,-0.03469142113800104,-0.4405965296017368
0.3904074785362359,-0.03456557565128478,-0.4410507988044602
0.38992353097797156,-0.03438914021193483,-0.44151340944320383
0.38938310108968843,-0.03420108846444981,-0.44199122783663464
0.38878784377973485,-0.03406107168399082,-0.44247493479248723
0.38816138674250783,-0.03399624370107629,-0.4429475924832065
0.3875357175538338,-0.034026576906062735,-0.44339899358721174
0.3869456490809814,-0.034156940515998754,-0.4438169166879458
0.38642394087709825,-0.03437824212120502,-0.44418964106462866
0.3859974356928751,-0.03466958784018333,-0.4445075349673456
0.38568395209062667,-0.03500080749535491,-0.44476435456219987
0.38548928339707933,-0.035336132197371105,-0.44495851709110007
0.38540565517047376,-0.03563636011547798,-0.4450956298732291
0.3854096721072242,-0.03587551174765733,-0.44518259040581026
0.3854709477245466,-0.0360374659246693,-0.4452318940615932
0.38555635684180645,-0.036121624430865445,-0.4452562023627674
0.38563584550972113,-0.036141551413243225,-0.445266023883131
0.38568184654119375,-0.0361279783947762,-0.445275917604604
0.3856825096552536,-0.036118619178420235,-0.445276489713138
0.38568184654119375,-0.0361279783947762,-0.445275917604604
